agt: 0, 1
loc: start, t1, t2, t3, t4, win
l0: start
act: init, 1, 2, 3, 4

delta:
start (init init) (t1, t2, t3, t4),

t1 (1 1, 1 2, 1 3, 1 4, 2 1, 3 1, 4 1) win,
t2 (2 1, 2 2, 2 3, 2 4, 1 2, 3 2, 4 2) win,
t3 (3 1, 3 2, 3 3, 3 4, 1 3, 2 3, 4 3) win,
t4 (4 1, 4 2, 4 3, 4 4, 1 4, 2 4, 3 4) win,

t1 (2 2, 2 3, 2 4,
    3 2, 3 3, 3 4,
    4 2, 4 3, 4 4) (t2),

t2 (1 1, 1 3, 1 4,
    3 1, 3 3, 3 4,
    4 1, 4 3, 4 4) (t1, t3),

t3 (1 1, 1 2, 1 4,
    2 1, 2 2, 2 4,
    4 1, 4 2, 4 4) (t2, t4),

t4 (1 1, 1 2, 1 3,
    2 1, 2 2, 2 3,
    3 1, 3 2, 3 3) (t3)

obs 0: t1|t2|t3|t4
obs 1: t1|t2|t3|t4
reach: win
